V	TP	FP	TN	FN
1	1868	26	2653	927
2	2380	26	2653	446
3	629	0	1365	3418
4	630	0	1365	3404
5	1234	415	2867	755
6	1649	173	3624	0
7	247	263	3912	1037
8	382	1	4175	930
9	1706	156	2736	914
10	1737	158	2734	890
11	1617	245	2791	859
12	93	0	1390	1790
13	14	611	4751	0
14	862	892	3638	13
15	0	0	532	4950
16	247	263	3912	1037
17	9	2070	3420	19
18	802	906	3624	0
19	1656	0	884	2999
20	10	1994	3496	20
21	635	0	22	4881
22	1872	0	2651	1000
23	713	575	1734	2485
24	75	1543	3736	18
25	152	1949	3330	108
26	896	906	3624	0
27	422	798	3376	804
28	424	798	3377	879
29	447	801	3374	636
30	802	906	3624	0
Tot	24210	16475	84838	30269
