V	P	R	F
1	0.987	0.751	0.853
2	0.894	0.845	0.869
3	1.0	0.505	0.671
4	1.0	0.156	0.27
5	0.752	0.633	0.687
6	0.905	1.0	0.95
7	0.484	0.192	0.275
8	0.406	0.671	0.506
9	0.916	0.651	0.761
10	0.917	0.661	0.768
11	0.868	0.653	0.746
12	0.998	0.247	0.396
13	0.022	1.0	0.044
14	0.491	0.985	0.656
15	null	0	0
16	0.484	0.192	0.275
17	0.004	0.393	0.009
18	0.47	1.0	0.639
19	1.0	0.466	0.636
20	0.006	0.433	0.011
21	1.0	0.408	0.579
22	1.0	0.652	0.789
23	0.554	0.223	0.318
24	0.026	0.871	0.051
25	0.073	0.75	0.133
26	0.497	1.0	0.664
27	0.346	0.344	0.345
28	0.347	0.325	0.336
29	0.358	0.413	0.384
30	0.47	1.0	0.639
Tot	0.582	0.487	0.53
